% BES
X=[79.2	84.4	59.6	57.6	50.9	49.5	25.0	1.0	9.7	29.1	10.0	10.7	39.8	23.8	19.7	31.4	25.4	94.5	57.7	20.4	16.0	16.4	5.6	201.0	213.7	208.4	201.7	23.2	37.3	68.4	11.4	23.9	14.0	9.3	20.3	11.1	9.6	81.5	42.3	7.4	5.1	13.2	8.0	7.2	4.2	44.7	29.3	75.7	63.5	31.2	25.9	11.6	17.2	49.0	1.3	21.3	71.2	71.8	3.6	4.4	2.3	4.2	7.4	21.7	23.3	0.8 	16.2	7.9	1.8	 2.6 	3.6 	2.2 	42.7	62.6	10.0	15.9	41.0	17.1	21.7	27.5	9.8	4.7	0.9	18.5	17.2	0.774	7.4	65.1	14.6	21.9	247	158	20.7	10.0	106.207	7.1	15.6	18.8	29.5	9.8	1.8	118.2	12.1	53.6	26.3	3.8	55.4	 10.4 	 15.4 	 2.2 	 1.5 	85.9	 5.1 	 41.5 	 50.7 	135.8	 80.0 	 612.0 	 6.8 
79.2	84.4	59.0	59.7	50.9	50.9	15.3	1.9	8.2	36.2	8.7	8.9	40.6	16.4	24.8	33.1	22.0	97.6	51.8	18.0	22.4	15.2	4.1	211.9	216.1	216.9	196.3	23.0	41.3	71.2	8.8	15.6	21.2	6.7	16.0	11.9	5.1	82.6	41.3	7.7	4.2	8.4	11.1	6.6	3.4	40.3	27.2	77.0	60.4	26.3	30.7	11.8	21.1	93.7	1.9	28.3	58.8	69.4	3.3	4.4	2.4	4.7	7.3	0.0	14.3	1.6 	8.8	1.9	0.1	 2.1 	2.1 	1.3 	28.0	78.2	6.4	7.4	43.8	17.7	23.9	10.8	10.2	4.7	1.6	0.0	66.5	0.500	5.6	62.7	12.3	23.0	334	15	30.2	15.9	15	13.3	30.3	20.0	232.7	11.3	0.6	29.0	8.7	49.3	18.9	2.8	60.6	 17.4 	 27.1 	 0.4 	 1.1 	35.6	 3.2 	 59.1 	 40.1 	155.2	 71.0 	 608.0 	 4.3 
79.1	84.1	61.8	60.5	50.8	50.0	26.8	0.6	10.1	31.6	10.3	10.8	39.8	22.3	15.8	41.1	18.5	94.8	63.3	23.5	15.0	15.1	5.8	203.1	205.7	210.3	193.3	24.1	35.4	67.4	11.2	20.9	16.6	7.4	21.4	16.6	10.6	79.4	34.5	7.2	4.6	12.1	7.0	6.3	5.0	38.4	27.7	74.9	65.1	25.9	25.9	10.7	17.0	37.1	1.5	27.6	65.0	72.5	4.0	4.7	2.7	4.3	7.4	20.0	15.0	1.1 	13.6	10.5	3.1	 1.8 	2.6 	1.4 	39.4	64.3	9.9	13.2	35.5	15.8	19.8	121.4	16.3	13.5	296.0	31.8	54.5	0.726	10.5	64.4	17.3	26.3	293	13	41.0	7.8	2.501	5.0	27.5	18.2	5.4	13.2	1.5	73.7	16.0	40.7	13.8	3.0	59.7	 10.2 	 16.6 	 3.5 	 1.8 	86.2	 3.2 	 78.5 	 25.6 	167.2	 79.0 	 313.5 	 7.4 
79.9	84.7	60.9	56.3	51.0	50.4	30.6	1.0	9.7	27.6	10.0	10.9	40.4	23.3	17.9	30.7	19.6	91.8	58.7	22.4	17.3	15.3	5.6	211.5	217.4	216.0	204.5	23.4	38.7	69.0	10.1	21.1	13.4	6.1	19.6	9.6	5.9	75.4	40.7	7.5	4.6	9.3	7.1	7.6	3.4	45.1	32.4	80.2	63.0	35.0	26.0	13.5	20.5	105.3	1.7	22.7	73.3	73.3	3.6	4.2	2.5	4.3	7.4	21.4	8.8	0.6 	19.0	9.8	1.7	 2.6 	2.9 	2.7 	44.5	58.6	11.9	16.9	40.8	20.5	31.8	43.4	14.3	4.8	1.3	22.0	25.3	0.750	6.7	65.8	14.9	29.6	314	132	16.4	13.9	5.880	5.6	15.6	19.7	20.1	9.8	1.3	123.9	13.7	54.0	28.4	4.6	60.8	 9.9 	 18.9 	 4.3 	 1.1 	94.3	 4.3 	 7.7 	 48.5 	153.8	 75.0 	 382.5 	 4.8 
80.2	85.7	65.3	65.2	51.0	51.2	25.5	1.4	8.5	21.1	11.2	7.8	39.2	18.6	22.3	15.2	19.5	96.4	61.4	25.2	14.0	11.2	7.6	204.3	208.65	215.7	196.9	23.0	45.2	73.4	6.5	27.1	20.5	7.6	14.3	20.1	5.1	69.6	40.7	7.9	4.0	9.7	2.4	4.8	2.4	45.4	35.8	86.7	59.6	39.4	39.0	21.4	31.2	115.0	1.8	30.8	60.1	71.8	3.4	4.4	2.9	5.4	7.5	25.0	18.6	0.3 	6.7	2.4	2.0	 1.3 	3.1 	1.3 	28.5	79.4	5.9	6.5	53.8	25.4	22.6	13.0	25.5	1.4	0.6	0.0	0.0	0.119	2.2	63.7	7.1	25.8	315	31	210.4	9.9	50	20.8	24.0	22.4	141.7	7.5	1.3	85.2	11.8	49.7	20.9	3.0	59.0	 12.5 	 19.6 	 2.1 	 1.7 	51.3	 2.6 	 29.2 	 57.9 	148.6	 76.0 	 235.6 	 4.8 
79.8	85.0	60.8	57.7	50.3	49.5	29.4	1.0	8.7	30.3	8.2	9.2	43.2	18.9	19.1	23.9	20.0	93.4	57.5	21.0	16.8	15.6	5.4	209.1	216.5	218.9	207.7	24.4	38.2	69.2	9.0	31.1	13.4	6.7	20.7	13.2	6.0	80.4	41.8	7.5	3.9	10.9	4.1	6.6	3.0	43.6	32.9	82.5	60.5	35.1	31.7	14.7	20.1	65.5	1.3	20.2	72.6	75.0	3.3	4.0	2.1	4.4	7.4	25.7	6.7	0.6 	14.8	7.0	0.4	 2.2 	4.0 	2.1 	44.0	58.3	10.8	11.3	40.2	18.3	28.7	49.9	10.9	5.9	4.5	53.0	17.6	0.774	4.2	65.0	12.8	23.9	246	108	37.8	1.2	3.278	5.1	22.7	18.4	18.2	10.6	1.0	109.9	11.4	57.5	29.0	2.9	58.9	 9.1 	 12.5 	 5.5 	 1.7 	82.4	 4.3 	 19.3 	 58.7 	163.7	 73.0 	 71.5 	 5.6 
79.0	84.4	59.4	58.4	51.1	50.9	28.7	1.2	9.7	24.9	10.2	11.1	47.1	22.2	22.2	28.6	25.6	95.3	58.1	20.7	13.9	15.7	6.1	200.0	211.4	213.3	206.2	24.4	40.1	68.2	9.6	24.1	15.9	8.1	22.8	13.5	8.7	83.5	41.5	7.4	3.9	9.6	6.8	4.0	4.1	39.8	30.6	81.8	61.3	36.8	28.8	12.3	20.1	46.6	1.8	23.4	64.7	73.0	3.5	4.3	2.3	4.8	7.6	5.0	5.1	0.4 	12.4	3.6	0.3	 1.9 	4.9 	1.4 	33.5	68.8	8.8	6.2	40.9	17.9	27.1	26.1	19.7	4.2	16.4	7.0	32.4	0.476	7.7	69.6	11.0	21.1	264	49	16.2	6.5	4.700	6.8	19.1	19.0	21.4	12.3	1.4	126.1	11.4	58.8	32.3	2.2	57.8	 11.2 	 20.2 	 6.8 	 1.0 	78.2	 3.1 	 14.9 	 49.3 	157.3	 79.0 	 415.7 	 4.2 
80.0	84.7	60.8	58.3	50.7	49.4	29.7	1.1	8.9	26.9	9.8	9.6	45.9	21.8	16.4	29.4	21.3	91.4	61.1	23.8	13.9	15.3	6.4	205.7	215.9	215.2	203.1	25.0	38.0	72.1	8.9	22.8	15.9	7.6	21.4	18.9	6.3	81.5	40.0	7.5	4.2	8.3	6.4	6.9	3.4	40.5	28.8	80.7	63.4	32.9	27.4	11.0	19.0	49.3	1.3	22.7	76.8	73.1	3.5	4.1	2.2	4.5	7.4	29.7	21.2	0.8 	22.9	7.1	1.2	 2.6 	5.2 	2.4 	40.4	60.8	11.3	12.3	38.8	17.0	24.2	34.9	18.1	4.5	25.6	27.4	30.8	0.298	0.7	65.4	10.0	21.2	228	69	37.0	11.4	25	4.2	12.0	17.5	11.9	12.1	1.5	147.0	12.8	56.7	29.0	3.0	59.7	 9.7 	 29.4 	 11.6 	 1.3 	92.6	 4.5 	 27.7 	 47.7 	140.8	 79.0 	 224.0 	 6.1 
80.1	85.0	62.4	60.2	50.5	49.7	25.9	1.2	8.9	26.1	10.3	8.8	41.0	23.9	15.0	35.8	20.7	93.5	55.3	21.9	18.6	16.4	6.4	190.7	208.3	199.2	194.0	21.7	36.2	67.6	11.4	19.3	19.1	8.4	21.7	21.1	7.1	78.9	39.0	7.4	4.5	11.9	8.4	7.1	3.7	37.0	25.6	78.1	75.8	30.1	25.3	9.6	18.9	52.4	1.4	20.5	72.9	69.4	3.5	4.2	2.3	4.3	7.3	23.2	16.4	0.6 	17.0	5.0	1.0	 3.3 	3.5 	3.2 	38.7	63.3	10.5	15.5	32.3	15.2	22.7	39.9	13.2	10.7	64.3	14.2	23.2	0.607	6.3	74.4	14.8	20.7	241	59	20.7	6.4	3.352	6.1	17.0	17.8	32.0	9.6	1.2	70.3	12.9	45.4	23.4	2.5	56.8	 6.3 	 21.0 	 2.3 	 1.6 	81.7	 9.2 	 43.4 	 36.6 	127.2	 74.0 	 519.3 	 5.5 
80.0	85.1	58.6	56.5	50.3	48.9	26.7	1.2	8.7	25.2	8.4	7.5	47.2	22.6	13.9	37.2	23.7	93.4	66.0	25.5	11.6	15.8	7.0	195.9	205.1	203.0	190.5	22.9	32.7	66.6	12.5	23.5	12.6	10.0	29.8	24.9	11.2	77.8	39.9	7.6	4.1	13.3	6.4	5.5	3.6	38.3	28.5	70.7	74.9	27.8	21.6	7.2	15.0	57.2	1.8	17.7	77.9	67.8	3.6	4.2	2.4	4.1	7.3	18.8	16.1	0.7 	18.3	3.0	1.7	 3.1 	4.7 	2.5 	39.2	60.4	8.8	13.6	36.2	18.3	27.9	53.1	11.3	14.1	0.6	8.3	29.3	0.821	4.9	74.3	10.5	19.9	188	43	33.5	7.7	655	7.5	15.4	20.0	32.1	10.4	0.9	40.4	13.9	45.3	19.3	1.9	56.4	 5.0 	 27.6 	 7.7 	 1.5 	83.1	 7.0 	 66.8 	 31.9 	122.4	 73.0 	 209.1 	 6.6 
80.3	85.4	59.1	56.1	50.2	49.0	39.7	1.2	8.8	26.0	10.5	9.3	45.7	22.4	14.8	36.0	24.0	94.8	58.1	23.8	13.1	15.6	5.0	199.5	209.1	208.8	197.0	21.5	31.0	67.1	12.5	10.7	14.6	9.7	26.2	20.0	8.3	82.1	38.0	7.4	4.4	13.7	10.9	11.7	3.2	34.6	26.6	78.4	65.7	33.2	20.8	9.2	15.3	53.6	1.5	16.5	73.9	69.6	3.4	4.0	2.2	4.2	7.4	16.7	16.3	0.6 	16.0	4.0	0.2	 3.7 	4.8 	3.5 	36.7	67.2	8.5	10.3	37.8	15.5	24.2	48.3	8.1	7.6	56.9	14.2	25.7	0.583	2.0	64.1	11.1	18.6	208	99	338.0	19.4	2.749	9.7	15.2	16.6	14.8	7.4	0.8	64.0	12.6	46.4	20.2	2.8	55.9	 7.3 	 16.9 	 3.5 	 1.8 	88.6	 7.0 	 62.9 	 39.2 	157.7	 76.0 	 168.5 	 6.0 
79.1	84.5	59.5	54.8	50.7	50.0	36.4	1.5	9.4	21.5	7.9	9.0	42.3	27.8	16.0	45.5	17.3	87.8	66.3	23.1	15.7	21.6	6.4	187.5	198.2	198.7	187.7	23.3	37.2	63.2	16.2	27.1	19.5	11.1	26.0	10.6	10.4	74.3	37.5	7.1	5.5	17.8	6.1	11.3	5.0	30.2	23.2	76.5	63.2	31.9	22.9	6.9	11.0	34.9	2.1	25.1	63.0	67.7	3.8	4.4	2.3	3.6	7.1	18.3	19.2	0.8 	13.5	9.6	2.2	 3.4 	3.4 	2.3 	48.0	55.3	11.3	25.3	31.0	13.3	24.4	54.4	11.9	9.7	97.4	45.4	17.9	0.274	5.7	59.8	20.4	17.8	305	69	130.7	2.3	117.086	12.6	25.6	18.6	8.9	8.0	1.8	35.8	15.6	41.5	14.6	6.8	58.1	 4.1 	 14.9 	 4.7 	 2.5 	80.3	 11.3 	 73.9 	 16.5 	145.1	 88.0 	 181.4 	 6.2 
79.2	84.9	56.8	55.5	50.6	50.4	38.6	1.1	8.2	28.3	8.6	9.5	46.3	24.7	18.4	40.3	19.8	95.1	61.7	25.8	12.8	17.6	6.8	192.3	205.7	201.7	192.6	20.9	28.3	61.1	15.8	15.0	17.8	13.4	26.8	20.0	11.2	76.8	34.7	7.4	4.3	21.5	10.7	12.4	4.9	34.2	23.7	68.0	71.5	25.6	20.3	5.9	9.6	43.4	1.7	19.5	62.0	66.5	3.9	4.5	2.6	4.0	7.5	19.0	11.1	1.2 	14.3	2.4	0.5	 2.2 	4.9 	2.9 	39.7	63.6	10.4	14.3	38.5	12.7	22.7	27.8	4.3	32.3	7.2	15.2	48.4	0.464	0.3	62.0	19.6	13.7	250	8	2793.8	11.5	1.371	28.3	36.3	14.9	34.9	7.4	0.9	28.4	13.5	51.8	21.8	2.2	49.7	 5.5 	 9.6 	 4.9 	 2.2 	90.2	 11.6 	 59.0 	 28.1 	125.3	 68.0 	 85.7 	 7.6 
