X=[2.40	0.64	27039.48	28745.19	72.30	1.00	95.40	69.72	514.90	14.28	10.50	95.17	81.50	84.90	7.50	1.20	2.10	14.21	70.50	15.12
1.70	1.30	27669.86	43733.69	71.73	1.13	94.60	81.04	470.28	29.03	7.13	81.71	80.50	69.60	7.30	0.50	3.00	9.52	71.05	15.23
2.30	0.60	26008.38	69486.64	62.01	4.07	92.60	69.58	505.95	21.27	4.50	91.08	79.80	76.70	6.90	1.80	7.30	4.24	62.74	16.61
2.50	0.36	27014.80	59478.62	71.68	0.97	95.30	87.07	524.24	15.00	10.50	59.52	80.70	88.10	7.70	1.70	1.40	3.84	71.10	14.97
1.30	9.36	8712.33	11062.00	59.32	3.39	85.20	67.97	449.37	61.55	2.00	87.67	77.80	56.20	6.60	8.10	9.50	7.95	71.44	14.95
1.30	0.70	16689.56	12685.01	65.00	3.19	88.90	90.90	478.19	18.50	6.75	64.47	77.30	68.20	6.20	2.00	3.50	9.21	70.51	15.40
1.90	0.00	22928.92	27180.46	73.44	1.44	96.80	74.57	494.92	16.26	7.00	86.59	78.80	74.30	7.80	1.40	3.90	1.85	77.50	16.31
1.20	12.20	13486.41	11201.52	61.03	7.84	84.60	88.48	500.96	12.62	3.25	61.91	73.90	56.30	5.10	6.30	6.20	2.87	73.89	14.94
1.90	0.80	24245.75	18616.40	68.15	2.01	93.40	81.07	535.88	14.87	9.00	74.05	79.90	67.70	7.40	2.50	2.40	3.66	76.04	15.95
1.80	0.80	27507.86	42252.70	63.99	3.75	93.90	69.96	495.62	12.94	3.50	83.97	81.00	72.40	6.80	1.40	4.90	8.55	65.97	16.06
1.70	1.20	27664.72	45113.30	71.10	3.40	93.50	85.33	497.31	16.21	4.50	77.65	80.20	64.70	6.70	0.80	3.60	5.22	65.93	16.14
1.20	1.80	21499.33	15856.33	59.55	5.73	86.10	61.07	482.78	32.00	6.50	74.14	80.00	76.40	5.80	1.10	3.80	5.61	51.72	15.74
1.00	7.10	13857.64	11425.92	55.40	5.68	88.60	79.70	494.18	15.60	7.88	64.39	73.80	55.20	4.70	1.50	3.80	3.38	58.89	15.39
1.60	0.30	24475.00	42891.00	78.17	1.35	97.60	64.13	500.28	14.47	5.13	83.60	81.30	80.60	6.90	0.00	2.70	6.52	86.50	15.24
2.10	0.30	24313.31	23071.69	59.96	6.74	97.30	69.45	495.64	12.54	9.00	67.03	79.90	84.40	7.30	2.00	2.70	3.42	55.18	15.24
1.14	7.72	19150.00	62683.70	59.21	1.85	93.00	81.23	473.99	27.57	2.50	64.72	81.10	79.70	7.40	2.40	3.10	22.76	69.45	15.14
1.40	0.20	24383.50	53452.43	56.89	4.13	86.00	53.31	486.05	23.33	5.00	80.54	81.50	63.40	6.40	1.20	4.70	4.65	48.91	15.66
1.80	6.40	23210.18	70033.47	70.11	1.99	89.70	87.00	519.86	27.14	7.25	67.46	82.70	32.70	6.10	0.50	1.60	22.95	65.90	14.33
1.30	7.46	16253.89	23670.83	63.31	0.01	79.80	79.14	539.27	30.76	10.38	63.01	79.90	43.70	6.10	2.30	2.10	11.50	71.90	15.46
1.90	0.80	24872.00	42170.00	65.21	1.29	95.00	67.94	472.17	12.63	6.00	56.50	80.60	74.00	7.10	1.50	4.30	3.55	57.23	15.40
1.20	6.60	12182.00	11589.91	60.39	0.13	87.10	33.55	425.27	32.69	9.00	58.55	75.10	65.50	6.80	11.60	14.80	23.70	66.87	13.56
2.00	0.00	25976.83	60280.01	74.67	1.24	94.80	73.29	508.40	30.76	6.13	80.35	80.20	80.60	7.50	1.00	5.00	0.62	74.59	16.06
2.30	6.26	18818.88	37650.00	72.34	0.60	97.10	72.05	520.88	11.93	10.25	79.46	80.40	89.70	7.20	1.30	2.30	13.28	75.30	15.13
1.90	0.10	29365.87	5720.67	75.31	0.34	93.10	80.70	503.23	15.85	8.13	77.44	80.60	80.00	7.60	0.60	3.30	2.99	76.28	16.05
1.00	4.80	13810.64	7478.84	59.26	2.49	92.20	87.15	500.48	35.07	10.75	53.88	75.60	57.70	5.80	1.20	2.20	7.59	59.46	15.35
1.50	2.40	18540.18	27819.84	65.55	5.97	83.30	28.25	489.33	21.00	6.50	64.26	79.30	48.60	4.90	1.20	6.20	5.19	67.37	15.84
1.10	1.10	15489.93	2366.06	58.76	8.56	89.60	89.93	477.44	13.14	6.63	54.67	74.80	31.10	6.10	1.70	3.50	5.82	64.74	15.47
1.10	0.60	19889.81	20187.91	66.20	3.21	90.70	82.04	483.08	29.03	10.25	63.10	78.80	58.80	6.10	0.50	3.90	6.79	74.39	15.29
1.90	0.00	22971.69	22172.70	58.55	9.10	94.10	51.23	481.04	27.56	7.25	75.32	81.20	69.80	6.20	0.90	4.20	6.91	56.66	15.71
1.80	0.00	26543.18	38887.83	72.73	1.42	96.20	85.04	497.45	10.52	10.88	81.99	81.20	79.10	7.50	0.90	5.20	1.24	76.10	15.48
1.70	0.10	27542.06	93415.03	78.59	1.49	93.20	86.81	500.50	22.36	8.38	48.28	82.20	80.95	7.50	0.70	4.20	5.87	78.60	15.41
0.70	17.10	13328.00	30932.00	46.29	3.11	78.80	30.31	464.19	37.06	5.50	84.16	73.60	66.80	5.50	2.90	6.00	45.33	24.17	15.32
1.80	0.50	27208.01	60382.26	69.51	2.59	94.90	69.63	494.18	12.67	11.50	61.36	79.70	76.00	7.00	2.60	1.90	11.92	67.27	15.60
2.00	0.00	37684.82	98440.24	66.71	2.85	92.30	88.70	499.83	19.40	8.25	89.75	77.90	88.00	7.20	5.20	1.60	10.66	73.20	15.13];
