X=[1.81760	-.03755	2.13484	.09760	-1.2	-.25160;
-.88325	-.38487	-.25765	-.74250	.014	-.53603;
-.66426	-.43180	-.47237	.46823	.782	.57978;
.64966	-.10795	.32513	.17173	-1.1	-.05470;
-.95625	-.32855	.01840	-.59424	-1.1	.31724;
1.16063	-.44119	-.74842	1.01182	-.42	1.52056;
-.00730	-.42007	-.22698	.98711	-.52	.44851;
-1.10224	-.40834	-1.05515	.44352	-.42	-.07658;
.64966	1.45968	-.25765	.64119	-.34	-2.22068;
-1.02924	.14081	-.56438	1.13537	-.29	.53603;
-1.61321	-1.11236	1.21465	-.86604	1.47	-.14221;
-.00730	3.63982	1.27600	-1.11313	.859	-.40475;
.43068	-.42007	.04908	-.86604	1.65	1.12675;
-.66426	-.23702	-.16563	-1.08842	1.47	1.14863;
.35768	-.15019	-2.74217	-.69308	1.19	-2.30819;
.94165	-.15254	.32513	2.79085	.065	-.14221;
1.30663	-.30038	-.10429	.29527	-1.4	1.12675;
-.88325	-.85422	.20244	-.96488	.986	.55790;
-.81025	.52098	1.06129	-.32245	-1.2	-.51415;
1.30663	.02581	-.01227	-.79191	-.60	-.71106];

% countries are in alphabetic order: A-lia, A-tria, Bel, Can, Den, Fin, Fra, Ger, Gre, Ita, Jap, Mex, Net, Nor, Por, Spa, Swe, Swi, Uk, USA
% variables are standardized: GDP, IR, LI, UR, NS, TB, 
% description of the variables and countries are in the paper Table 3.
% 
%initial partition obtained by k-means on 6 standard vars
Etic=[1;
3;
3;
1;
1;
1;
1;
1;
2;
1;
3;
2;
3;
3;
3;
1;
1;
3;
2;
1];

U=[1 0 0;
    0 0 1;
    0 0 1;
    1 0 0;
    1 0 0;
    1 0 0;
    1 0 0;
    1 0 0;
    0 1 0;
    1 0 0;
    0 0 1;
    0 1 0;
    0 0 1;
    0 0 1;
    0 0 1;
    1 0 0;
    1 0 0;
    0 0 1;
    0 1 0;
    1 0 0];
    