%  T1 VISUAL PERCEPTION TEST FROM SPEARMAN VPT, PART III
%  T2 CUBES, SIMPLIFICATION OF BRIGHAM'S SPATIAL RELATIONS TEST
%  T3 PAPER FORM BOARD--SHAPES THAT CAN BE COMBINED TO FORM A TARGET
%  T4 LOZENGES FROM THORNDIKE--SHAPES FLIPPED THEN IDENTIFY TARGET
%  T5 GENERAL INFORMATION VERBAL TEST
%  T6 PARAGRAPH COMPREHENSION TEST
%  T7 SENTENCE COMPLETION TEST
%  T8 WORD CLASSIFICATION--WHICH WORD NOT BELONG IN SET
%  T9 WORD MEANING TEST
%  T10 SPEEDED ADDITION TEST
%  T11 SPEEDED CODE TEST--TRANSFORM SHAPES INTO ALPHA WITH CODE
%  T12 SPEEDED COUNTING OF DOTS IN SHAPE
%  T13 SPEEDED DISCRIM STRAIGHT AND CURVED CAPS
%  T14 MEMORY OF TARGET WORDS
%  T15 MEMORY OF TARGET NUMBERS
%  T16 MEMORY OF TARGET SHAPES
%  T17 MEMORY OF OBJECT-NUMBER ASSOCIATION TARGETS
%  T18 MEMORY OF NUMBER-OBJECT ASSOCIATION TARGETS
%  T19 MEMORY OF FIGURE-WORD ASSOCIATION TARGETS
%  T20 DEDUCTIVE MATH ABILITY
%  T21 MATH NUMBER PUZZLES
%  T22 MATH WORD PROBLEM REASONING
%  T23 COMPLETION OF A MATH NUMBER SERIES
%  T24 WOODY-MCCALL MIXED MATH FUNDAMENTALS TEST
%  T25 REVISION OF T3--PAPER FORM BOARD
%  T26 FLAGS--POSSIBLE SUBSTITUTE FOR T4 LOZENGES .

X=[20	31	12	3	40	7	23	22	9	78	74	115	229	170	89	96	6	9	16	3	14	34	5	24
32	21	12	17	34	5	12	22	9	87	84	125	285	184	86	96	6	9	16	3	14	34	5	24
27	21	12	15	20	3	7	12	3	75	49	78	159	170	85	95	1	5	6	3	9	18	7	20
32	31	16	24	42	8	18	21	17	69	65	106	175	181	80	91	5	3	10	2	10	22	6	19
29	19	12	7	37	8	16	25	18	85	63	126	213	187	99	104	15	14	14	29	15	19	4	20
32	20	11	18	31	3	12	25	6	100	92	133	270	164	84	104	6	6	14	9	2	16	10	22
17	24	12	8	40	10	24	32	20	108	65	124	175	121	71	78	4	3	5	18	10	19	3	15
34	25	13	15	29	11	17	25	9	78	80	103	132	184	95	106	11	13	9	15	9	12	18	24
27	23	11	12	29	8	23	19	19	104	52	93	265	184	92	105	18	6	11	12	15	18	17	18
21	21	10	6	33	8	20	25	18	95	74	91	157	175	92	100	5	8	11	33	8	25	8	16
22	23	13	16	38	6	14	22	11	86	60	114	155	173	86	107	9	9	13	10	9	19	5	24
35	24	15	23	33	8	18	27	19	85	71	103	140	167	103	108	6	12	12	48	18	32	9	25
34	18	15	33	33	8	16	31	16	135	68	104	211	166	92	103	8	12	18	21	13	22	21	27
36	22	16	14	32	14	16	25	11	118	68	94	160	186	86	102	7	6	10	9	12	19	4	13
35	23	13	29	54	15	22	27	21	92	64	87	211	168	84	102	5	4	8	36	15	34	35	32
28	19	13	19	27	8	17	18	5	94	59	76	185	181	79	99	3	10	3	21	14	21	16	25
26	19	18	12	35	6	16	24	9	85	58	133	189	164	84	100	13	12	7	5	5	16	8	18
30	27	17	18	25	6	10	17	12	92	61	105	196	149	88	98	3	2	12	25	15	15	15	19
34	21	14	32	62	13	21	34	26	90	94	97	207	171	74	107	3	2	14	48	23	47	36	27
38	35	13	24	41	11	15	24	18	80	62	107	177	186	90	105	5	10	13	18	16	38	26	22
35	32	17	16	22	5	10	20	4	60	44	92	194	169	96	96	8	7	10	54	15	19	23	19
40	34	16	33	24	6	13	18	15	103	73	109	252	169	94	105	9	10	15	87	19	27	29	28
30	25	16	15	37	10	23	25	22	80	62	92	180	166	83	101	8	4	15	27	13	21	8	19
23	22	15	13	35	8	12	22	7	134	64	106	244	173	96	99	6	9	10	0	14	20	5	23
34	22	12	10	45	7	15	27	9	108	60	92	149	154	92	106	9	5	7	30	13	22	12	20
32	16	16	27	46	5	14	26	10	132	67	125	156	175	103	110	6	12	15	64	17	24	21	29
33	21	16	36	18	8	9	20	5	95	67	102	163	190	97	106	12	10	20	48	14	24	24	27
36	20	18	17	27	5	12	22	8	65	56	111	159	172	97	98	7	12	19	21	14	17	12	16
28	24	14	34	31	6	12	21	14	118	90	117	310	196	94	101	10	12	14	10	13	20	18	27
30	18	13	6	30	8	13	18	13	107	65	97	196	192	83	109	7	4	5	3	11	20	13	20
21	23	14	11	29	6	14	23	13	111	60	139	215	163	88	101	5	6	6	20	16	14	12	25
18	24	17	2	29	5	12	18	7	47	31	73	121	159	84	92	3	3	4	1	1	18	9	17
30	21	12	14	52	8	21	32	14	62	64	86	173	173	95	101	1	2	6	25	10	22	19	23
25	24	12	19	44	10	17	25	13	124	86	87	203	182	92	96	14	10	14	11	15	27	20	22
20	15	13	12	30	4	12	16	6	64	64	104	174	181	90	87	7	7	8	7	8	7	3	13
29	21	14	4	32	5	19	23	10	72	42	75	177	176	87	87	3	4	11	27	17	21	9	18
33	28	15	28	34	8	16	25	14	88	65	80	191	173	78	89	12	6	17	11	10	39	27	22
23	18	12	18	35	9	12	24	12	94	50	70	183	154	96	87	3	18	8	24	12	17	14	22
38	16	9	31	47	12	21	31	23	127	83	109	184	173	96	105	14	14	9	9	18	20	24	24
35	31	19	20	58	9	21	28	22	74	69	90	176	172	79	105	3	6	14	9	11	41	28	19
23	23	14	13	32	8	17	30	15	113	76	102	167	180	106	112	11	20	15	24	13	22	27	25
19	20	10	10	39	5	17	19	11	65	56	106	172	155	77	97	6	5	14	24	10	18	9	18
11	21	9	8	28	5	15	22	4	91	54	95	100	164	82	58	4	2	16	19	8	25	1	15
25	21	14	15	27	6	12	22	10	91	38	112	240	178	100	100	7	6	4	21	6	25	23	18
38	22	13	22	54	14	22	34	14	124	94	100	247	188	98	109	13	15	19	42	6	27	19	25
36	22	14	36	27	9	17	23	9	111	76	100	180	180	100	100	7	6	4	21	6	25	23	18
43	34	18	32	16	2	4	13	7	77	64	127	226	155	91	109	4	4	13	81	15	39	33	24
19	19	9	11	30	8	13	23	9	141	48	160	196	191	95	96	8	7	8	9	12	18	5	25
26	22	11	22	35	6	9	18	7	130	55	118	218	178	96	92	7	13	11	12	19	18	13	21
27	25	17	9	40	11	22	31	15	59	66	96	199	184	68	102	2	15	14	6	9	29	18	17
33	23	19	30	16	5	9	20	1	54	53	101	198	170	94	95	7	5	9	28	13	13	19	23
42	24	16	17	47	7	18	31	10	84	69	103	172	171	99	111	5	12	13	18	16	18	20	15
23	30	13	26	8	2	6	15	1	75	50	84	194	171	85	106	0	3	9	27	14	19	13	22
31	19	16	14	48	10	14	15	15	80	42	102	151	165	95	100	15	7	7	11	11	25	23	23
30	24	13	33	46	6	18	32	15	96	76	96	159	162	88	111	17	11	13	6	4	36	19	25
34	21	11	17	28	8	18	21	10	93	54	114	200	173	98	81	3	17	13	6	4	36	19	25
24	19	13	26	25	5	12	19	12	96	71	105	203	179	105	104	5	12	16	5	13	14	3	24
35	21	15	31	51	8	22	23	17	79	66	116	171	188	103	106	4	10	16	60	15	10	23	21
23	26	8	16	27	3	10	17	9	78	74	91	174	165	81	95	10	11	13	3	13	17	7	26
25	23	14	14	41	4	12	18	7	81	54	123	142	159	84	95	3	0	9	0	10	13	2	15
32	23	12	27	37	12	22	27	18	121	80	124	221	186	93	111	9	6	16	46	19	35	31	24
24	24	12	29	44	8	20	28	15	113	60	107	172	180	91	110	10	12	10	36	23	32	17	25
32	27	16	11	16	5	10	21	5	61	55	77	192	179	89	94	12	8	14	12	11	25	19	23
32	20	15	10	47	10	18	28	17	127	64	109	210	177	99	105	9	10	15	45	16	34	23	28
22	23	11	29	33	8	20	22	10	76	103	90	181	170	98	107	9	10	7	21	13	27	6	15
39	24	13	20	54	11	18	30	21	131	89	108	227	177	103	106	12	5	4	3	21	29	27	30
24	37	16	32	42	9	15	27	7	83	72	115	223	185	95	110	11	10	14	45	9	26	19	20
28	23	15	29	24	8	11	25	13	89	55	122	153	176	83	99	15	16	8	1	9	21	12	26
17	20	12	7	39	9	10	24	11	157	65	114	141	190	101	107	14	13	15	12	13	19	11	25
28	20	16	6	55	13	16	23	19	109	78	119	195	175	100	103	10	13	11	21	13	19	6	19
4	18	11	6	22	6	12	16	7	83	68	110	166	177	84	98	7	3	14	3	13	25	6	22
26	37	14	27	22	4	9	26	8	86	51	115	186	173	104	109	7	13	10	36	17	30	15	21
30	18	14	21	44	5	11	24	11	121	70	147	215	170	85	103	10	5	13	30	12	15	11	25
30	24	9	26	51	10	23	31	19	80	78	92	154	186	99	110	17	12	17	31	10	37	28	16
25	21	9	17	20	9	13	24	5	80	71	114	165	186	97	108	11	4	13	9	16	22	30	25
23	21	12	19	23	5	9	21	7	72	86	115	168	136	88	101	5	11	18	9	15	17	15	22
34	28	19	17	56	12	19	26	16	130	76	114	233	157	84	100	2	7	6	6	18	28	21	24
10	23	13	11	25	0	6	12	8	131	57	80	203	159	93	103	8	8	7	6	12	24	12	19
38	22	18	33	26	12	13	22	13	128	79	147	207	185	104	112	19	10	13	42	21	37	23	30
24	21	13	20	22	3	6	11	13	108	62	103	192	188	97	107	6	15	16	6	12	19	10	31
27	24	10	14	29	5	8	20	11	135	79	129	217	183	94	106	24	13	19	10	15	20	14	21
28	32	16	34	45	9	19	28	17	118	52	115	191	185	92	109	10	13	20	15	18	27	31	25
29	33	6	18	18	1	9	18	4	123	66	104	208	179	95	98	9	8	16	24	13	17	17	20
29	26	20	14	22	7	14	26	5	133	80	115	179	187	89	103	7	8	7	10	16	26	23	22
18	21	12	5	34	3	6	21	7	114	54	97	165	161	81	91	22	12	6	7	4	11	6	16
38	25	10	20	49	10	23	36	26	106	91	137	197	188	96	112	13	11	19	27	16	43	32	30
33	28	12	23	23	8	16	23	6	94	75	108	215	183	98	107	11	17	12	21	17	33	29	26
32	24	19	22	45	12	20	30	15	127	81	91	185	178	94	89	15	6	12	5	17	25	23	26
20	29	14	26	9	4	5	22	4	82	65	111	176	191	96	105	17	8	15	12	16	22	13	14
33	20	13	18	39	11	18	22	12	96	75	119	240	166	90	103	14	4	13	45	16	21	24	23
24	26	16	21	24	8	11	10	13	153	67	150	196	180	95	98	16	0	15	27	17	23	32	29
23	25	14	27	19	6	15	24	3	124	81	156	220	167	92	108	9	10	14	19	13	26	18	18
31	19	15	17	36	3	8	14	11	82	62	128	206	168	78	96	4	9	19	28	12	20	20	20
26	14	15	7	24	8	13	22	8	83	35	96	142	185	94	104	8	12	17	19	9	17	23	24
25	22	8	7	50	14	19	27	15	95	48	107	136	184	94	99	11	8	8	30	13	8	20	25
