X=[.39	.17	.21	.73	-1.08	-.56	-1.39
.32	1.18	.66	-.25	.84	.86	.68
.22	-.44	.44	.14	-.73	-.83	-.49
.17	.66	-.29	-.13	-.18	.35	-.04
1.34	1.12	.97	-.03	-.27	.01	-.06
1.40	.54	.31	.66	1.29	.95	1.10
.39	-.87	-1.49	-1.15	-.21	-.72	-.95
-1.07	-.21	-.54	.46	-.53	-.70	.20
.03	-.03	-.21	1.04	-.77	-1.49	-.93
-.32	-.10	-.58	-.49	.87	1.46	1.50
-.38	-.06	-.10	.18	-.78	-.71	-1.33
-.35	-.22	.39	-.43	.37	.21	.85
1.50	.53	1.39	1.29	.69	.03	.19
.77	.86	.83	.66	.12	-.80	-.39
-.73	-.29	-.95	-.64	-.48	-.94	-.74
-.48	-1.29	.44	.32	-.07	.23	.29
.37	.00	-.06	.34	1.15	.87	1.87
2.07	1.04	1.54	2.18	2.34	1.40	1.48
.17	.80	.70	.54	.12	.42	.72
-.39	.50	-.31	.05	-.78	.14	-.80
-.45	-.06	.01	-1.26	1.64	1.38	1.47
1.48	1.43	1.49	.84	-.79	-.08	-.28
.53	.27	-.88	-.78	-1.28	-1.51	-.57
.19	.82	.35	.80	1.56	1.16	1.33
-.88	-.38	-.32	-.70	.58	.24	1.51
-.76	-.94	.09	-.57	-.51	-.20	-.27
-1.63	-2.23	-1.54	-1.32	-1.20	-.30	-1.28
-.03	-.11	.51	.13	-.24	-.29	-.13
-1.95	-2.14	-1.40	-1.16	.87	1.81	1.10
-.62	.20	.43	.20	1.20	1.29	.80
-.85	-.45	.02	.55	1.60	.37	1.21
-.10	-.89	-.65	.12	-.04	-.19	1.19
.31	.00	.56	-.17	1.01	2.02	1.72
2.01	1.47	1.78	1.72	-.29	-.28	.54
-.11	.51	-.25	-.12	.31	.46	-.41
-1.44	-1.22	-.84	-.99	.39	.08	1.18
.28	.15	.17	.31	.03	.44	.01
-1.25	-.59	-.46	-1.15	.61	1.89	.76
-.45	-.98	-.82	-.34	.35	1.48	-.18
-1.00	-.77	-.94	-1.17	-1.22	-1.03	-.75
1.91	.66	1.49	1.81	.78	1.03	1.12
-.20	.34	.46	.15	.76	1.34	.83
-1.26	-.72	-.51	-.14	.00	.08	-.35
-.37	.20	-.51	-1.07	.39	.71	.60
-1.41	-.88	-1.16	-1.02	-.74	-.79	-.54
-.04	.16	-1.11	-.37	-.10	-.54	-.12
-.09	-.04	-.97	-.56	-1.07	-.20	-1.14
-.77	-.80	-.29	-.49	-.59	-.21	-.53
.95	1.43	.70	.61	-1.28	-.93	-.40
1.57	1.06	1.53	.80	-.30	.04	.35
.93	.64	.74	.65	.26	.69	.13
-.47	-.69	-.84	-.64	-1.06	-.87	-1.56
-2.33	-1.35	-1.45	-1.42	-.38	-.86	-.66
-1.16	-.04	.49	-1.29	-1.43	-2.09	-2.30
-1.26	-.46	-.61	-.69	-.14	.42	1.70
.19	1.58	1.28	1.43	-.23	.07	-.01
-1.29	-1.12	-1.49	-2.53	-.56	-.38	-.23
2.09	1.97	1.59	2.16	-.44	.07	-.03
.14	.26	.49	.31	.90	.37	.54
.30	.87	-.58	-.75	-.26	-.24	-.29
-1.07	-.43	-.38	-.91	-.10	-.57	.05
.75	.28	1.15	1.06	.37	1.23	.42
.12	.60	.46	.65	.96	.08	-.13
.83	-.89	-.07	-.27	.87	.29	.30
-.83	-.52	-.30	-.09	-.05	.32	.22
1.08	.16	1.13	1.41	1.12	-.10	.01
1.74	1.95	2.82	1.72	1.26	.50	1.25
-.37	-.65	-.70	-.64	-.70	-.14	-.49
-.47	-1.06	-.99	-1.04	-2.09	-2.22	-2.21
-1.66	-1.53	-1.17	-1.25	.74	-1.00	.15
-.85	-.43	-.47	-1.07	-1.42	-2.16	-1.28
-.64	-.78	-.07	-1.76	-.12	-1.20	-.27
1.13	.69	1.27	.92	1.08	1.29	1.32
-.49	-.09	-.11	-.22	-.72	-.63	-1.01
.13	.49	.86	.26	1.51	.36	1.03
-.48	-.24	-.17	-.56	.01	-1.38	-.33
-.57	-.94	-1.37	-.41	-.31	.03	-.20
.55	1.11	.05	.79	.20	.99	.56
.92	-.49	-.11	-.34	1.19	1.21	.86
1.55	.04	1.04	.93	.54	-.19	.00
.22	1.55	.37	.29	-.91	-1.25	-.70
-.85	-.56	.55	.59	-.04	-.06	-.51
.34	.53	-.46	.88	-.05	-1.21	-.23
-3.01	-3.05	-3.17	-3.09	.43	.64	.30
-.04	-.49	.65	-.74	-.01	-.95	.11
-.17	-.13	-.55	-.31	-.02	.11	-.53
.63	1.52	2.36	1.37	.65	1.08	.69
1.45	.75	.59	.43	-.03	.05	-.71
.80	.44	.59	-.46	.39	.91	.57
-2.02	-2.47	-1.78	-1.78	-1.39	-1.74	-1.40
-2.28	-.71	-1.22	-1.53	.93	-.27	.57
-2.00	-2.08	-2.03	-1.56	.30	-.34	.83
1.04	1.51	.55	.03	.17	.54	-.31
.42	.40	.39	-.64	.16	-.53	.08
-1.18	-1.51	-1.50	-1.29	-.23	-.37	-.84
.17	.43	.59	.22	-.29	-.11	.19
-1.23	-.80	-.84	-1.05	-.96	-1.02	-.48
.73	.35	-.44	.09	-.63	-.18	-1.52
-1.32	-.22	-1.47	-.61	-1.32	-1.40	-2.44
-.33	-.75	-.65	.01	-.63	-1.67	-1.34]

% reading
% writing
% math
% analysis
% simpsons
% familyguy
% amerdad