X=[137	150	12	21	70	62	3	7	56	51	0	0	56	38	0	1	0	1	19	42	3	10	97	51	44	89	79	58	56	90	0	2	2	0	19	15	82	82	36	53	71	76	29	25	32	38	5	11	18.2	19.3	2.3	1.6	21.7	24	2.3	5	2.5	3	41.6	38.5	33.7	29.7	30.7	27.6	14.3	14.3	44.1	47.3	57.5	54.8	17	22.3
18	17	0	0	36	78	1	2	4	0	0	0	11	7	0	0	0	0	2	8	0	0	9	10	2	7	6	2	11	14	1	0	0	1	4	1	12	13	2	3	5	11	4	5	8	1	1	0	26.7	24.6	2.2	4.6	33.3	14.6	0	3.8	6.7	3.1	66.7	72.3	15.6	13.8	6.7	12.3	11.1	8.5	22.2	19.2	77.8	83.8	12.5	6.8
34	103	0	0	36	41	0	5	2	8	0	1	14	26	0	1	0	0	18	60	0	2	30	57	17	44	0	0	5	45	19	31	10	27	7	14	7	41	20	48	24	62	4	12	6	26	0	2	5.1	1.5	0.6	1.9	12.7	15.6	1.9	8.6	2.5	1.9	39.9	53.9	32.9	21.9	28.5	18.6	20.3	14.9	39.9	31.2	49.4	60.6	22.8	19.7
5	6	2	1	81	53	0	0	1	1	0	0	2	2	0	0	0	1	2	1	0	1	3	2	2	3	2	0	2	5	1	1	0	0	3	0	2	3	0	3	2	3	0	2	3	0	0	1	85.6	85.6	21.2	20.8	9.3	10.2	1.7	3	0.8	2.1	15.3	18.6	50.8	45.8	47.5	45.8	10.2	10.2	74.6	71.2	44.9	46.2	25.4	21
803	296	12	4	210	99	4	1	127	21	0	0	396	153	2	0	2	3	263	112	9	6	266	47	528	243	138	43	541	207	91	39	33	7	76	9	239	77	488	210	464	153	192	57	137	80	10	6	3.2	3.6	0.6	0.9	20.4	22.3	3.4	3.6	2.7	5.1	44.5	44.7	37.5	36.4	35	34.1	10.3	8.7	45.2	46.6	54.1	58.7	12.9	10.7
246	779	1	3	72	100	5	17	22	20	0	3	64	129	2	7	3	28	143	551	7	24	125	278	114	477	3	14	120	359	67	209	56	197	31	66	74	223	141	490	136	416	40	98	63	242	7	23	3.6	4.2	2.9	2.9	11.4	18.8	5.2	5.8	3.3	2.4	45.4	44.1	25.2	20.2	22.5	17.1	17.6	18.9	36.9	37	52.6	49.7	25.5	32.7
89	143	0	15	21	32	0	6	25	16	0	2	36	33	1	1	1	3	26	77	0	5	64	84	25	54	21	21	62	107	4	9	2	6	24	35	39	74	26	34	51	83	9	15	29	42	0	3	6.4	4	2.6	2.1	23.2	34.5	3.9	7.5	2.9	2.3	52.1	50.7	17.7	14.3	11.6	10.2	19.9	16.4	28	32.8	59.8	59.3	25.6	28.6
288	391	16	12	133	91	2	7	41	18	0	1	143	157	1	2	0	8	97	195	4	3	115	99	169	289	14	25	187	260	46	57	41	49	20	26	103	146	165	219	188	216	41	86	57	85	2	4	3.8	6.1	0.9	1.5	11	14.1	2.7	5.3	6.7	5.9	35.1	27.1	47.2	49.9	44.3	47	14.4	18.7	50.5	54.2	52.1	45.5	13.7	20.9
56	87	1	5	54	55	4	4	8	7	0	1	17	17	1	2	1	2	23	50	2	4	34	41	20	42	11	7	42	67	1	8	2	5	12	15	35	47	11	25	40	44	5	18	8	18	3	7	6.7	6.3	1	1.4	17.1	24.5	6.4	4.4	3.7	4.9	43	42.8	27.5	29.4	26.2	26.4	16.1	17.1	40.9	40.2	48.3	52.1	28	21.5
23	32	18	12	39	64	0	0	2	2	0	0	18	19	0	0	0	1	3	10	0	0	12	16	11	16	3	2	20	25	0	3	0	2	0	3	10	5	13	24	17	16	2	8	4	8	0	0	6.2	0	1	0	22.7	30	3.1	5.5	9.3	5.5	44.3	53.6	30.9	27.3	26.8	22.7	10.3	8.2	45.4	38.2	59.8	67.3	14.7	12.9
192	656	5	23	50	64	7	25	18	29	0	7	61	98	2	3	5	33	96	436	3	25	121	246	68	385	4	16	106	364	45	164	37	112	22	57	76	188	94	411	109	301	24	106	55	206	4	43	4.2	3.5	5.6	3.8	16	20.9	5.2	6.6	2.6	3.6	41.2	40.6	24.2	20.9	19.6	17.8	18	23.3	40.8	36.1	47.1	47.6	31.4	32.7
37	148	5	1	29	59	0	14	7	10	0	1	15	21	0	1	0	3	15	96	0	2	20	79	17	67	2	15	26	100	8	14	1	19	17	27	11	50	9	71	26	82	3	20	8	43	0	3	2.4	5.3	1.2	2.3	9.8	10.3	3.7	9.2	1.2	3.4	59.8	47.7	15.9	22.1	13.4	18.7	13.4	18.7	26.8	33.6	68.3	56.9	16.4	22.4
86	213	0	0	2	6	3	6	10	11	0	1	25	48	0	1	2	18	45	127	1	1	36	73	49	139	2	1	40	113	27	56	17	43	12	8	23	60	56	145	48	98	7	31	27	78	4	6	1.2	5.5	0	0.3	14.5	22.7	2.4	3.8	10.8	6.9	31.3	37.8	41	30.9	32.5	26.8	22.9	20.3	45.8	41.9	41	44.7	30.6	30.1
];