% X = (1-20 var) (Voter, Consultation) (Employment women, Long term, Employment rate), (Assault rate, Homicide rate, Student reading, Educational, Air pollution)
% (Time, Employees, Dwelling) (Life Satisfaction, Self rep., Life Expect.,Quality, Houshold disp, Household fin, rooms)
% Y = (21 - 22 var) (GDP, Consumer price)
XX=[95.17	10.50	70.50	1.00	72.30	2.10	1.20	514.90	69.72	14.28	15.12	14.21	0.64	7.50	84.90	81.50	95.40	27039.48	28745.19	2.40	115.7806	36570
81.71	7.13	71.05	1.13	71.73	3.00	0.50	470.28	81.04	29.03	15.23	9.52	1.30	7.30	69.60	80.50	94.60	27669.86	43733.69	1.70	109.4659	35389
91.08	4.50	62.74	4.07	62.01	7.30	1.80	505.95	69.58	21.27	16.61	4.24	0.60	6.90	76.70	79.80	92.60	26008.38	69486.64	2.30	110.6111	32847
59.52	10.50	71.10	0.97	71.68	1.40	1.70	524.24	87.07	15.00	14.97	3.84	0.36	7.70	88.10	80.70	95.30	27014.80	59478.62	2.50	108.8728	35241
87.67	2.00	71.44	3.39	59.32	9.50	8.10	449.37	67.97	61.55	14.95	7.95	9.36	6.60	56.20	77.80	85.20	8712.33	11062.00	1.30	119.4344	13611
64.47	6.75	70.51	3.19	65.00	3.50	2.00	478.19	90.90	18.50	15.40	9.21	0.70	6.20	68.20	77.30	88.90	16689.56	12685.01	1.30	115.1209	23641
86.59	7.00	77.50	1.44	73.44	3.90	1.40	494.92	74.57	16.26	16.31	1.85	0.00	7.80	74.30	78.80	96.80	22928.92	27180.46	1.90	111.0758	32241
61.91	3.25	73.89	7.84	61.03	6.20	6.30	500.96	88.48	12.62	14.94	2.87	12.20	5.10	56.30	73.90	84.60	13486.41	11201.52	1.20	126.421	16615
74.05	9.00	76.04	2.01	68.15	2.40	2.50	535.88	81.07	14.87	15.95	3.66	0.80	7.40	67.70	79.90	93.40	24245.75	18616.40	1.90	109.633	31496
83.97	3.50	65.97	3.75	63.99	4.90	1.40	495.62	69.96	12.94	16.06	8.55	0.80	6.80	72.40	81.00	93.90	27507.86	42252.70	1.80	107.8186	29661
77.65	4.50	65.93	3.40	71.10	3.60	0.80	497.31	85.33	16.21	16.14	5.22	1.20	6.70	64.70	80.20	93.50	27664.72	45113.30	1.70	108.2	33423
74.14	6.50	51.72	5.73	59.55	3.80	1.10	482.78	61.07	32.00	15.74	5.61	1.80	5.80	76.40	80.00	86.10	21499.33	15856.33	1.20	117.2066	24224
64.39	7.88	58.89	5.68	55.40	3.80	1.50	494.18	79.70	15.60	15.39	3.38	7.10	4.70	55.20	73.80	88.60	13857.64	11425.92	1.00	130.0491	16958
83.60	5.13	86.50	1.35	78.17	2.70	0.00	500.28	64.13	14.47	15.24	6.52	0.30	6.90	80.60	81.30	97.60	24475.00	42891.00	1.60	149.088	32780
67.03	9.00	55.18	6.74	59.96	2.70	2.00	495.64	69.45	12.54	15.24	3.42	0.30	7.30	84.40	79.90	97.30	24313.31	23071.69	2.10	107.3645	35982
64.72	2.50	69.45	1.85	59.21	3.10	2.40	473.99	81.23	27.57	15.14	22.76	7.72	7.40	79.70	81.10	93.00	19150.00	62683.70	1.14	113.8789	26000
80.54	5.00	48.91	4.13	56.89	4.70	1.20	486.05	53.31	23.33	15.66	4.65	0.20	6.40	63.40	81.50	86.00	24383.50	53452.43	1.40	109.9233	27081
67.46	7.25	65.90	1.99	70.11	1.60	0.50	519.86	87.00	27.14	14.33	22.95	6.40	6.10	32.70	82.70	89.70	23210.18	70033.47	1.80	99.58506	30579
63.01	10.38	71.90	0.01	63.31	2.10	2.30	539.27	79.14	30.76	15.46	11.50	7.46	6.10	43.70	79.90	79.80	16253.89	23670.83	1.30	116.0722	27027
56.50	6.00	57.23	1.29	65.21	4.30	1.50	472.17	67.94	12.63	15.40	3.55	0.80	7.10	74.00	80.60	95.00	24872.00	42170.00	1.90	111.4934	68823
58.55	9.00	66.87	0.13	60.39	14.80	11.60	425.27	33.55	32.69	13.56	23.70	6.60	6.80	65.50	75.10	87.10	12182.00	11589.91	1.20	124.2192	12991
80.35	6.13	74.59	1.24	74.67	5.00	1.00	508.40	73.29	30.76	16.06	0.62	0.00	7.50	80.60	80.20	94.80	25976.83	60280.01	2.00	107.9704	37005
79.46	10.25	75.30	0.60	72.34	2.30	1.30	520.88	72.05	11.93	15.13	13.28	6.26	7.20	89.70	80.40	97.10	18818.88	37650.00	2.30	114.9244	25600
77.44	8.13	76.28	0.34	75.31	3.30	0.60	503.23	80.70	15.85	16.05	2.99	0.10	7.60	80.00	80.60	93.10	29365.87	5720.67	1.90	111.8998	46908
53.88	10.75	59.46	2.49	59.26	2.20	1.20	500.48	87.15	35.07	15.35	7.59	4.80	5.80	57.70	75.60	92.20	13810.64	7478.84	1.00	115.0955	17351
64.26	6.50	67.37	5.97	65.55	6.20	1.20	489.33	28.25	21.00	15.84	5.19	2.40	4.90	48.60	79.30	83.30	18540.18	27819.84	1.50	108.9328	21665
54.67	6.63	64.74	8.56	58.76	3.50	1.70	477.44	89.93	13.14	15.47	5.82	1.10	6.10	31.10	74.80	89.60	15489.93	2366.06	1.10	115.2063	20121
63.10	10.25	74.39	3.21	66.20	3.90	0.50	483.08	82.04	29.03	15.29	6.79	0.60	6.10	58.80	78.80	90.70	19889.81	20187.91	1.10	115.2035	25050
75.32	7.25	56.66	9.10	58.55	4.20	0.90	481.04	51.23	27.56	15.71	6.91	0.00	6.20	69.80	81.20	94.10	22971.69	22172.70	1.90	112.4054	26967
81.99	10.88	76.10	1.42	72.73	5.20	0.90	497.45	85.04	10.52	15.48	1.24	0.00	7.50	79.10	81.20	96.20	26543.18	38887.83	1.80	107.8683	33990
48.28	8.38	78.60	1.49	78.59	4.20	0.70	500.50	86.81	22.36	15.41	5.87	0.10	7.50	80.95	82.20	93.20	27542.06	93415.03	1.70	104.4825	37775
84.16	5.50	24.17	3.11	46.29	6.00	2.90	464.19	30.31	37.06	15.32	45.33	17.10	5.50	66.80	73.60	78.80	13328.00	30932.00	0.70	151.8535	12530
61.36	11.50	67.27	2.59	69.51	1.90	2.60	494.18	69.63	12.67	15.60	11.92	0.50	7.00	76.00	79.70	94.90	27208.01	60382.26	1.80	114.4845	32499
89.75	8.25	73.20	2.85	66.71	1.60	5.20	499.83	88.70	19.40	15.13	10.66	0.00	7.20	88.00	77.90	92.30	37684.82	98440.24	2.00	111.6563	41976
];
X=XX(:,1:5);
Y=XX(:,6:22);
