X=[41	63	48	22	1	748	1	163	43	257	8	22
48	76	44	19	11	936	30	104	44	253	1	19
53	52	40	20	9	674	24	102	42	784	9	9
47	53	36	20	13	1590	16	96	43	107	1	41
44	62	44	20	15	561	31	98	42	438	41	18
40	46	44	17	23	1029	36	111	47	892	35	45
49	33	45	19	10	1141	26	83	42	369	2	14
42	22	40	21	31	815	46	115	38	103	12	45
37	54	34	8	16	1759	19	83	63	392	6	37
44	23	32	20	56	9126	33	58	39	207	16	50
49	32	30	12	40	1216	47	88	54	235	3	16
41	24	37	14	31	2162	29	76	50	125	1	49
45	37	36	16	37	7157	35	58	53	72	30	81
43	50	32	13	13	1684	27	73	53	883	12	36
52	18	35	14	27	1108	36	78	47	492	21	33
40	36	40	16	53	863	41	84	47	235	2	44
44	63	37	13	31	1871	40	60	52	223	1	47
42	15	26	16	29	7166	26	63	48	129	5	55
52	25	39	17	15	790	23	93	44	768	3	28
51	59	28	9	14	1248	19	60	61	1112	2	25
44	43	25	9	14	2208	17	69	63	430	9	28
42	17	20	2	57	22594	31	9	77	787	1	98
51	2	13	6	45	14143	42	8	73	558	4	82
51	1	13	7	22	24049	23	5	79	6	6	85
46	1	10	10	50	25422	51	5	78	220	6	65
54	1	11	8	45	26805	40	5	79	15	7	77
55	1	12	11	42	27230	37	4	76	35	5	85
50	1	11	10	43	23491	32	4	77	77	10	67
45	1	13	9	29	23261	27	4	79	79	10	76
49	1	9	11	33	24280	33	4	77	88	11	88
56	1	14	7	35	25630	42	3	80	378	1	93
43	4	21	6	40	18666	47	6	78	152	9	91
44	2	9	10	28	23460	27	5	79	224	11	67
54	1	9	8	11	24209	9	4	81	638	5	79
46	1	13	9	67	26091	62	5	78	188	3	89
50	1	15	7	35	19120	34	6	78	30	6	87
52	1	13	10	47	33755	30	4	79	118	3	76
51	8	12	11	31	16898	43	6	76	319	4	64
54	1	10	11	47	24290	42	3	80	53	5	83
53	1	10	9	44	28192	39	4	80	530	2	68
50	1	11	11	27	22927	29	6	77	107	4	90
51	1	15	9	11	32613	15	7	77	35	4	77
54	7	8	5	150	24017	145	3	80	5238	5	100
50	8	12	4	180	25860	161	3	78	0	4	100
47	12	23	5	82	16285	63	7	73	2746	4	92
41	1	11	10	88	24454	85	5	78	37	11	97
42	1	14	8	98	27183	84	6	76	112	5	59
42	13	25	4	126	5758	104	8	73	529	3	57
42	8	21	5	79	7831	81	20	75	236	14	58
55	3	15	9	51	13565	56	17	75	878	9	50
53	1	9	14	68	7017	69	11	68	50	2	70
52	2	9	14	59	4893	64	13	72	64	18	70
56	1	9	11	72	10492	75	4	75	77	9	75
55	1	9	13	84	5857	89	8	71	36	14	69
48	1	10	14	63	8314	67	9	71	76	6	64
60	5	17	7	67	5940	59	28	69	297	3	22
51	1	9	15	61	2234	57	13	68	47	12	68
52	24	17	3	74	14922	57	7	75	663	2	86
52	7	19	6	55	1948	56	27	69	1037	7	24
41	3	19	8	11	11603	11	17	74	15	15	89
41	4	17	6	32	9103	31	10	76	63	8	85
41	4	20	4	48	7383	46	10	77	788	5	52
36	14	20	6	13	7110	38	48	70	255	7	90
41	9	25	5	31	8364	33	29	73	96	2	74
38	10	23	7	16	4442	18	32	69	182	7	73
41	7	22	4	29	5565	17	19	73	122	14	87
60	16	15	7	26	3723	23	32	70	639	3	32
47	2	10	12	45	6596	51	8	73	150	21	58
50	0	9	9	38	2729	47	17	73	261	11	61
52	0	9	14	45	4462	54	10	70	40	8	69
52	0	9	11	45	4517	52	9	73	36	13	68
52	0	10	10	27	7279	34	9	73	96	15	66
54	1	9	15	46	4680	25	16	65	28	11	73
44	3	12	11	18	15755	33	5	78	147	11	60
44	2	10	9	30	18835	32	4	78	63	14	78
51	2	11	6	23	2807	51	15	74	228	15	70
45	2	18	6	40	1428	38	13	72	214	1	57
47	15	20	7	11	6825	12	32	68	57	7	81
43	8	23	6	22	6342	20	20	72	620	21	75
50	3	13	7	21	3271	23	6	76	72	6	75
51	5	18	11	1	2585	2	54	61	542	8	60
48	2	10	11	34	4319	40	19	70	107	7	56
47	15	20	6	24	6487	31	34	70	76	8	75
45	2	16	10	19	7913	21	14	74	25	14	91
41	14	31	6	18	3237	25	57	63	164	7	65
39	9	24	6	42	3639	31	28	70	299	10	62
38	45	25	6	16	3281	23	42	67	1231	12	45
36	31	33	7	20	4385	27	39	65	480	5	40
37	25	31	6	42	2254	57	35	66	185	4	47
34	23	22	6	35	6531	21	38	69	129	14	62
32	10	29	4	42	3547	69	25	72	362	13	74
34	21	27	5	36	8326	15	26	71	41	30	88
39	51	24	6	31	3432	37	47	67	148	22	56
39	31	30	5	40	2282	81	33	69	100	10	65
38	7	30	5	20	3244	35	23	70	103	18	56
41	5	27	5	56	3462	50	31	69	584	10	59
30	23	33	4	50	10481	26	18	73	84	32	86
32	26	29	5	38	3228	35	24	70	149	7	55
47	72	12	8	27	1590	60	13	73	362	40	43
43	16	23	6	30	5726	39	39	67	213	14	65
43	21	26	6	28	3022	43	29	70	612	7	47
48	13	22	7	39	2863	31	41	66	724	6	41
43	11	22	6	44	2086	39	22	70	320	0	37]